1e-05	1.4044567979619777e-16
1.0115911122238297e-05	1.3645817468195715e-16
1.0233165783302449e-05	1.3258390840224582e-16
1.0351779556301762e-05	1.2881966500893013e-16
1.0471768194855202e-05	1.2516231988673942e-16
1.05931476351837e-05	1.2160883715941052e-16
1.0715933998226711e-05	1.181562671694978e-16
1.084014359178331e-05	1.1480174402975632e-16
1.09657929126781e-05	1.115424832440664e-16
1.1092898648952227e-05	1.0837577939592364e-16
1.1221477682079803e-05	1.0529900390257609e-16
1.1351547089209991e-05	1.0230960283294379e-16
1.148312414543511e-05	9.94050947875098e-17
1.1616226326085018e-05	9.658306883842212e-17
1.1750871309048075e-05	9.384118252809695e-17
1.1887076977119033e-05	9.117715992466186e-17
1.2024861420374123e-05	8.858878973262388e-17
1.216424293857368e-05	8.607392345719524e-17
1.2305240043592616e-05	8.363047362075245e-17
1.2447871461879062e-05	8.125641202994763e-17
1.259215613694151e-05	7.894976809203276e-17
1.2738113231864785e-05	7.670862717900283e-17
1.288576213185518e-05	7.453112903819963e-17
1.3035122446815089e-05	7.241546624804766e-17
1.3186214013947486e-05	7.035988271763782e-17
1.3339056900390587e-05	6.836267222894855e-17
1.3493671405883065e-05	6.642217702050113e-17
1.3650078065460137e-05	6.453678641114732e-17
1.3808297652180924e-05	6.270493546281847e-17
1.3968351179887397e-05	6.092510368159116e-17
1.4130259905995336e-05	5.919581375608803e-17
1.4294045334317611e-05	5.751563033047233e-17
1.4459729217920196e-05	5.588315881066669e-17
1.4627333562011299e-05	5.4297044208994636e-17
1.4796880626863964e-05	5.2755970027538917e-17
1.4968392930772556e-05	5.1258657156691994e-17
1.514189325304352e-05	4.980386278349876e-17
1.53174046370208e-05	4.8390379391394873e-17
1.5494950393146317e-05	4.701703386656154e-17
1.567455410205595e-05	4.568268640887606e-17
1.5856239617711373e-05	4.438622918917176e-17
1.60400310705682e-05	4.312658585176714e-17
1.622595287078087e-05	4.1902712066828476e-17
1.6414029711444665e-05	4.071359311663428e-17
1.6604286571875295e-05	3.955823778111878e-17
1.6796748720926532e-05	3.843568318256618e-17
1.699144172034626e-05	3.7345013210155825e-17
1.7188391428171457e-05	3.6285336992095525e-17
1.7387624002162504e-05	3.5255718062620564e-17
1.7589165903277326e-05	3.425524967700413e-17
1.7793043899185774e-05	3.328330962826628e-17
1.7999285067824765e-05	3.2339280950743766e-17
1.8207916800994626e-05	3.1421619529516884e-17
1.841896680799711e-05	3.0528874312699253e-17
1.86324631193156e-05	2.966308357009928e-17
1.8848434090337955e-05	2.8826356970010427e-17
1.906690840512252e-05	2.801052929246394e-17
1.928791508020778e-05	2.7206047091322207e-17
1.9511483468466165e-05	2.6424556225678545e-17
1.9737643263002554e-05	2.5682677563329742e-17
1.9966424501097934e-05	2.49689592644121e-17
2.0197857568198782e-05	2.4263353243585977e-17
2.0431973201952705e-05	2.3569607134964357e-17
2.066880249629082e-05	2.2899660577538488e-17
2.09083769055575e-05	2.225162199659225e-17
2.1150728248687946e-05	2.1618782042034312e-17
2.1395888713434215e-05	2.1001840308159925e-17
2.1643890860640203e-05	2.0404274080153222e-17
2.189476762856621e-05	1.982710305577079e-17
2.2148552337263592e-05	1.9269634538635304e-17
2.2405278693000182e-05	1.8726509874335288e-17
2.266498079273693e-05	1.8191856546173542e-17
2.2927693128656486e-05	1.7669374310483865e-17
2.3193450592744275e-05	1.7165747597563194e-17
2.3462288481422625e-05	1.6681133910627192e-17
2.3734242500238664e-05	1.621279688315984e-17
2.4009348768606518e-05	1.5756742853057398e-17
2.4287643824604506e-05	1.5309313163120147e-17
2.4569164629827902e-05	1.487233850274859e-17
2.4853948574297985e-05	1.4449334495200646e-17
2.5142033481427965e-05	1.4040049164157688e-17
2.543345761304648e-05	1.3642729991531495e-17
2.5728259674479322e-05	1.325594755333824e-17
2.6026478819690045e-05	1.2878764222363984e-17
2.63281546564802e-05	1.2512529187385318e-17
2.6633327251749808e-05	1.215895246030664e-17
2.694203713681882e-05	1.1816024050306643e-17
2.725432531281028e-05	1.1480804185231046e-17
2.7570233256095827e-05	1.1154105306020882e-17
2.7889802923804396e-05	1.0837835020958873e-17
2.8213076759394707e-05	1.0531128272188163e-17
2.8540097698292376e-05	1.0232335242042864e-17
2.8870909173592348e-05	9.941972185514838e-18
2.9205555121827452e-05	9.66107002095789e-18
2.95440799888038e-05	9.388334582069809e-18
2.9886528735503827e-05	9.121944142731874e-18
3.0232946844057763e-05	8.862637627698117e-18
3.0583380323784315e-05	8.611842125213405e-18
3.0937875717301366e-05	8.368869575666443e-18
3.12964801067075e-05	8.132341059649763e-18
3.165924111983521e-05	7.901796075078759e-18
3.2026206936576505e-05	7.67723554050845e-18
3.2397426295281954e-05	7.459250128071243e-18
3.277294849923382e-05	7.248432673940045e-18
3.315282342319423e-05	7.04395141899031e-18
3.353710152002929e-05	6.844628728377662e-18
3.392583382740992e-05	6.650590829780654e-18
3.4319071974590426e-05	6.462352863826918e-18
3.4716868189265594e-05	6.279660846698587e-18
3.511927530450728e-05	6.102017999257099e-18
3.552634676578139e-05	5.929273300049086e-18
3.5938136638046256e-05	5.761410709744672e-18
3.6354699612933176e-05	5.598405484350965e-18
3.677609101601031e-05	5.440199273529519e-18
3.720236681413066e-05	5.286542662223822e-18
3.7633583622865324e-05	5.137144390987442e-18
3.806979871402284e-05	4.991890645368523e-18
3.8511070023255685e-05	4.850729807730666e-18
3.895745615775501e-05	4.71356373543265e-18
3.940901640403448e-05	4.580279908719817e-18
3.986581073580439e-05	4.450780499677852e-18
4.032789982193705e-05	4.3249731033667946e-18
4.079534503452449e-05	4.202756748074519e-18
4.1268208457029516e-05	4.084026670939156e-18
4.174655289253135e-05	3.968666554342244e-18
4.223044187206672e-05	3.85656355051854e-18
4.271993966306776e-05	3.74764368892097e-18
4.321511127789762e-05	3.641841368370751e-18
4.371602248248502e-05	3.539046797310965e-18
4.422273980505897e-05	3.439143328878351e-18
4.473533054498463e-05	3.3420647754397997e-18
4.525386278170167e-05	3.2477582453292907e-18
4.577840538376616e-05	3.1561319866484647e-18
4.6309028017997366e-05	3.0670866540838015e-18
4.684580115873045e-05	2.980557149240921e-18
4.738879609717651e-05	2.8964875108149478e-18
4.793808495089107e-05	2.814795174650344e-18
4.8493740673352334e-05	2.735396000319238e-18
4.9055837063650453e-05	2.6582490044807883e-18
4.962444877628913e-05	2.5833230805966533e-18
5.0199651331100794e-05	2.5105486622268374e-18
5.0781521123276707e-05	2.439843897449712e-18
5.137013543351339e-05	2.3711317859448966e-18
5.196557243827657e-05	2.3043432659151723e-18
5.2567911220184194e-05	2.2394395735325848e-18
5.3177231778509664e-05	2.1763895176368575e-18
5.379361503980698e-05	2.115139066225284e-18
5.441714286865888e-05	2.055628106303177e-18
5.5047898078549675e-05	1.9978051553382256e-18
5.5685964442864085e-05	1.9416218943951365e-18
5.633142670601352e-05	1.8870261645882656e-18
5.6984370594691364e-05	1.8339685132017783e-18
5.764488282925873e-05	1.7824193770486354e-18
5.8313051135262185e-05	1.7323514937310822e-18
5.8988964255084936e-05	1.6837075533568903e-18
5.9672711959733106e-05	1.6364260919242725e-18
6.0364385060758635e-05	1.5904788833722975e-18
6.106407542232036e-05	1.5458457818446587e-18
6.177187597338488e-05	1.5024832963266553e-18
6.248788072006888e-05	1.460343076773402e-18
6.321218475812448e-05	1.4193927945766838e-18
6.394488428556937e-05	1.379605578446059e-18
6.468607661546321e-05	1.3409511573056246e-18
6.543586018883229e-05	1.3033975479173404e-18
6.619433458774387e-05	1.2669075158975692e-18
6.696160054853215e-05	1.2314447974975978e-18
6.773775997517745e-05	1.196986114692993e-18
6.852291595284057e-05	1.163511088062466e-18
6.9317172761554e-05	1.1309885833757816e-18
7.012063589007177e-05	1.0993853278446678e-18
7.09334120498799e-05	1.0686745276308166e-18
7.175560918936922e-05	1.038832290018414e-18
7.258733650817246e-05	1.009836451070597e-18
7.342870447166758e-05	9.816652236223003e-19
7.42798248256491e-05	9.542940131304706e-19
7.514081061116962e-05	9.276980973637439e-19
7.601177617955322e-05	9.0185551015572e-19
7.689283720758305e-05	8.767454705643524e-19
7.778411071286482e-05	8.523469199174501e-19
7.868571506936843e-05	8.286392598802284e-19
7.959777002314978e-05	8.056033844554936e-19
8.05203967082547e-05	7.832208546181478e-19
8.145371766280736e-05	7.614727176605833e-19
8.239785684528512e-05	7.403404316370974e-19
8.335293965098187e-05	7.198072422082792e-19
8.43190929286625e-05	6.998569846810983e-19
8.529644499741017e-05	6.804722171927549e-19
8.628512566366887e-05	6.616357176081583e-19
8.728526623848371e-05	6.433324666725356e-19
8.829699955494083e-05	6.255482980561698e-19
8.932045998580959e-05	6.082686107806633e-19
9.03557834613892e-05	5.914788939844255e-19
9.140310748756223e-05	5.751648285647898e-19
9.246257116405733e-05	5.593125590169161e-19
9.353431520292377e-05	5.439093218659831e-19
9.461848194721992e-05	5.289428183859669e-19
9.571521538991856e-05	5.144003944777725e-19
9.682466119303115e-05	5.00269667277064e-19
9.794696670695385e-05	4.86539393038099e-19
9.908228099003788e-05	4.731986940869404e-19
0.00010023075482838654	4.602358582999664e-19
0.00010139254075588153	4.476394102783153e-19
0.00010256779307444219	4.353996942462883e-19
0.00010375666787451859	4.235075408568185e-19
0.00010495932305582277	4.1195256843567733e-19
0.00010617591834830001	4.0072440497051455e-19
0.00010740661533334334	3.898140137932767e-19
0.00010865157746525384	3.7921287435631665e-19
0.00010991097009294972	3.689122850759952e-19
0.0001111849604819271	3.589036384372213e-19
0.00011247371783647519	3.491784956535674e-19
0.00011377741332214914	3.3972867496273467e-19
0.00011509622008850323	3.30546441574155e-19
0.00011643031329208767	3.21624330285701e-19
0.00011777987011971193	3.1295498910451593e-19
0.0001191450698119776	3.0453124343645127e-19
0.00012052609368708426	2.963461263984945e-19
0.00012192312516491107	2.8839286624683686e-19
0.0001233363497913776	2.806648634614711e-19
0.00012476595526308696	2.7315571507056372e-19
0.00012621213145225474	2.6585928002180916e-19
0.00012767507043192657	2.587695913346305e-19
0.0001291549665014884	2.5188072199838626e-19
0.00013065201621247213	2.4518690050503773e-19
0.00013216641839466052	2.386826623433091e-19
0.00013369837418249466	2.3236271767329097e-19
0.00013524808704178755	2.2622179930979345e-19
0.0001368157627967472	2.202547691464447e-19
0.00013840160965731315	2.144567341643398e-19
0.00014000583824680976	2.088229525908066e-19
0.00014162866162991988	2.033487250081355e-19
0.0001432702953409831	1.9802947684241465e-19
0.00014493095741262166	1.928608647402454e-19
0.00014661086840469845	1.8783868026410718e-19
0.00014831025143361044	1.8295873802903537e-19
0.00015002933220192182	1.782169554150687e-19
0.00015176833902834055	1.736094346420383e-19
0.00015352750287804228	1.6913240136732612e-19
0.000155307057393346	1.6478214860737236e-19
0.00015710723892474503	1.6055506315080177e-19
0.0001589282865622978	1.5644763944215795e-19
0.00016077044216738237	1.5245647644218324e-19
0.00016263395040481922	1.4857828789777284e-19
0.00016451905877536624	1.4480988352730514e-19
0.00016642601764859036	1.4114815178268914e-19
0.00016835508029612023	1.3759006065050066e-19
0.00017030650292528443	1.3413264079277878e-19
0.0001722805447131394	1.307730082273919e-19
0.00017427746784089192	1.2750840132273661e-19
0.00017629753752872057	1.2433614399193275e-19
0.0001783410220710008	1.2125361443302366e-19
0.00018040819287193827	1.1825825426775673e-19
0.00018249932448161524	1.1534755819411675e-19
0.00018461469463245476	1.1251909498757675e-19
0.0001867545842761076	1.0977054579281206e-19
0.00018891927762076664	1.0709966143874119e-19
0.00019110906216891378	1.0450421654661358e-19
0.0001933242287555045	1.0198203931168625e-19
0.00019556507158659492	9.953103199408173e-20
0.00019783188827841644	9.714916029253333e-20
0.0002001249798969037	9.483445072326616e-20
0.00020244465099768038	9.258498602915316e-20
0.00020479120966650853	9.039890238310576e-20
0.0002071649675602069	8.827438667553522e-20
0.0002095662399480433	8.620967065528499e-20
0.0002119953457536071	8.420303308983514e-20
0.00021445260759716674	8.225279777813387e-20
0.00021693835183851843	8.035733844380825e-20
0.00021945290862033137	7.851509285174182e-20
0.0002219966119119955	7.6724541609272e-20
0.0002245697995539774	7.498418022172577e-20
0.0002271728133026905	7.329254372915994e-20
0.0002298059988758851	7.164823296457601e-20
0.0002324697059985648	7.004989021293834e-20
0.00023516428844943486	6.849617479204572e-20
0.00023789010410788934	6.698578158210759e-20
0.00024064751500154242	6.551746057126519e-20
0.00024343688735431105	6.408999777524077e-20
0.00024625859163505465	6.270219492378596e-20
0.00024911300260677886	6.135288610120797e-20
0.0002520004993764092	6.004095621778606e-20
0.0002549214654451423	5.876532284644021e-20
0.0002578762887593801	5.752491823641451e-20
0.0002608653617622548	5.631870101730135e-20
0.00026388908144575103	5.514566304810401e-20
0.0002669478494034321	5.4004827047488745e-20
0.00027004207188377727	5.289525000862093e-20
0.0002731721598441376	5.181601443583665e-20
0.000276338529005317	5.076621650651175e-20
0.00027954159990678566	4.974497767911127e-20
0.0002827817979625341	4.8751458442477946e-20
0.0002860595535175742	4.778484316153039e-20
0.000289375301905095	4.6844323500005065e-20
0.0002927294835042816	4.592911259808164e-20
0.00029612254379880347	4.5038458775434394e-20
0.00029955493343598134	4.41716329817943e-20
0.0003030271082866396	4.3327917769255443e-20
0.0003065395295056527	4.250661517367829e-20
0.00031009266359319264	4.1707054011731096e-20
0.00031368698245668765	4.092858185129376e-20
0.00031732296347349763	4.017055546917135e-20
0.00032100108955431715	3.9432350425954965e-20
0.00032472184920731285	3.871337268416237e-20
0.00032848573660300434	3.801304596159423e-20
0.0003322932516398972	3.733079956039349e-20
0.0003361449000108765	3.6666077748187244e-20
0.0003400411932703706	3.601834697562714e-20
0.00034398264890229247	3.5387090263652624e-20
0.00034796979038876914	3.4771803601259454e-20
0.0003520031472796679	3.4171996649302435e-20
0.0003560832552629278	3.3587191503679596e-20
0.000360210656235707	3.3016924463421934e-20
0.00036438589837635443	3.2460748409425526e-20
0.0003686095362172158	3.191823007042271e-20
0.00037288213071828336	3.1388948682372616e-20
0.00037720424934169976	3.087249525559653e-20
0.00038157646612712486	3.0368470516462917e-20
0.00038599936176797673	2.9876487382322434e-20
0.000390473523688556	2.93961742488453e-20
0.0003949995461220643	2.892717028290134e-20
0.000399578030189527	2.846911997220618e-20
0.00040420958397963103	2.8021678361612343e-20
0.0004088948226294864	2.758451617812832e-20
0.00041363436840632776	2.715731453205025e-20
0.00041842885079015847	2.673976053720773e-20
0.0004232789065573553	2.6331550386775094e-20
0.00042818517986524155	2.593239168377452e-20
0.0004331483223376403	2.5542001210995357e-20
0.00043816899315141946	2.516010335220042e-20
0.00044324785912404005	2.4786430540433634e-20
0.00044838559480211905	2.4420723033523475e-20
0.0004535828825510191	2.4062729056729313e-20
0.00045884041264547613	2.371220503068856e-20
0.0004641588833612782	2.3368914989462168e-20
0.0004695390010680063	2.30326303692199e-20
0.0004749814803228505	2.270312969824044e-20
0.0004804870439655134	2.2380198530216294e-20
0.0004860564232142139	2.2063628663060892e-20
0.0004916903577628031	2.175321679308603e-20
0.0004973895958790067	2.1448765744550307e-20
0.0005031548945038057	2.1150085480265653e-20
0.0005089870193519685	2.0856992014747992e-20
0.0005148867450137498	2.056930691707807e-20
0.0005208548550577665	2.0286857214035255e-20
0.0005268921421350677	2.0009475404388444e-20
0.0005329994080844093	1.9736998810892454e-20
0.0005391774640387505	1.9469268533627475e-20
0.0005454271305329836	1.9206130344893062e-20
0.0005517492376129129	1.8947435321557007e-20
0.0005581446249454966	1.869303932725963e-20
0.0005646141419303673	1.8442803221249236e-20
0.0005711586478126435	1.8196591732619777e-20
0.0005777790117970507	1.7954271985199107e-20
0.0005844761131633638	1.7715714996263862e-20
0.0005912508413831881	1.7480797038833267e-20
0.0005981040962380944	1.724939815683271e-20
0.0006050367879391225	1.702140120618972e-20
0.0006120498372476703	1.67966920100621e-20
0.0006191441755977848	1.657515876423965e-20
0.0006263207452198692	1.63566930602135e-20
0.0006335804992658254	1.6141191227642745e-20
0.0006409244019356456	1.5928552615282132e-20
0.0006483534286054727	1.5718678324473926e-20
0.0006558685659571436	1.5511471937813515e-20
0.0006634708121092351	1.5306839685981196e-20
0.0006711611767496287	1.510469044741828e-20
0.0006789406812696112	1.4904935904917253e-20
0.0006868103588995307	1.4707490061251936e-20
0.000694771254846024	1.4512268682250116e-20
0.0007028244264308353	1.4319190015890714e-20
0.0007109709432312439	1.4128175797330112e-20
0.0007192118872221193	1.393914974644851e-20
0.0007275483529196233	1.3752036057396378e-20
0.0007359814475265771	1.3566760859104444e-20
0.0007445122910795143	1.3383253212006807e-20
0.0007531420165974376	1.3201444275759102e-20
0.0007618717702322999	1.3021266867832207e-20
0.0007707027114212304	1.2842655694530362e-20
0.0007796360130405237	1.2665547515247658e-20
0.0007886728615614156	1.2489881011174171e-20
0.0007978144572076629	1.2315596781807919e-20
0.0008070620141149507	1.2142637165637545e-20
0.0008164167604921472	1.1970945890630297e-20
0.0008258799387844272	1.1800468584982128e-20
0.0008354528058382871	1.1631153241166463e-20
0.0008451366330684721	1.1462949842904081e-20
0.0008549327066268385	1.1295810230311587e-20
0.0008648423275731727	1.112968813120914e-20
0.0008748668120479914	1.0964539058026935e-20
0.0008850074914473439	1.0800320579610043e-20
0.0008952657125996401	1.0636992549871195e-20
0.0009056428379445294	1.0474517011649425e-20
0.0009161402457138521	1.0312858177073946e-20
0.0009267593301146883	1.0151982566220683e-20
0.000937501501514529	9.991859149214245e-21
0.0009483681866285928	9.832459391836721e-21
0.0009593608287093146	9.673757386750728e-21
0.0009704808877380307	9.515729738824911e-21
0.0009817298406188842	9.358355298127293e-21
0.00099310918137498	9.201615779831345e-21
0.0010046204213468132	9.04549636284934e-21
0.001016265089392995	8.889985288474638e-21
0.0010280447320933097	8.735073686615552e-21
0.0010399609139541202	8.580755793533047e-21
0.0010520152176161591	8.427029005608955e-21
0.0010642092440647246	8.27389407267658e-21
0.001076544612842316	8.12135525618021e-21
0.0010890229622637305	7.969420367588902e-21
0.001101645949633657	7.818100884937515e-21
0.001114415251466788	7.667411859385761e-21
0.0011273325637104871	7.51737176622881e-21
0.0011403996019700331	7.368002801498993e-21
0.0011536181017364785	7.219331169384222e-21
0.0011669898186171474	7.0713867359201e-21
0.0011805165285688056	6.924202709133325e-21
0.0011942000281335325	6.777815890800102e-21
0.0012080421346773289	6.6322668148131296e-21
0.0012220446866314887	6.487599440317673e-21
0.0012362095437367692	6.343860839004084e-21
0.0012505385872903913	6.2011013556999024e-21
0.0012650337203959038	6.0593748197520806e-21
0.0012796968682159415	5.918737836472059e-21
0.001294529978227916	5.779249071160153e-21
0.0013095350204826678	5.640969523336003e-21
0.0013247139878661174	5.503962577920698e-21
0.0013400688963639508	5.368293562503905e-21
0.001355601785329369	5.2340295080189296e-21
0.0013713147177539457	5.1012385865748636e-21
0.001387209780541621	4.969989467101312e-21
0.0014032890847858733	4.840351342442603e-21
0.0014195547660501016	4.712393869891345e-21
0.0014360089846512606	4.586186481961589e-21
0.0014526539259467812	4.461797755526447e-21
0.0014694918006248172	4.339295339922807e-21
0.0014865248449978572	4.218745890704227e-21
0.0015037553212997384	4.1002143117332e-21
0.001521185517986105	3.983763031294819e-21
0.0015388177500383464	3.869452043974171e-21
0.001556654359271062	3.75733886821284e-21
0.0015746977146430868	3.64747795596347e-21
0.001592950212572123	3.539920209900083e-21
0.0016114142772530198	3.434712906586894e-21
0.0016300923609797412	3.3318996377374147e-21
0.001648986944471065	3.2315198214492306e-21
0.0016681005372000592	3.133608216904549e-21
0.0016874356777273757	3.0381951331501797e-21
0.001706994934038408	2.9453066510815807e-21
0.001726780903884356	2.8549640911724707e-21
0.0017467962151272458	2.7671835773462514e-21
0.0017670435260889468	2.681976311186097e-21
0.0017875255259042354	2.5993487329479646e-21
0.0018082449348779518	2.5193024494186056e-21
0.0018292045048462937	2.441834339960069e-21
0.0018504070195423021	2.366936406944234e-21
0.0018718552949655793	2.2945956226217057e-21
0.0018935521797562953	2.2247942860337268e-21
0.0019155005555735278	2.1575103274391715e-21
0.001937703337477989	2.0927172789652636e-21
0.0019601634743191855	2.030384329633664e-21
0.0019828839491270716	1.970476569571829e-21
0.002005867779508234	1.9129551982127284e-21
0.002029118018046678	1.857777777601277e-21
0.002052637752709252	1.8048985486596383e-21
0.0020764301072557748	1.754268535358867e-21
0.0021004982416539153	1.7058356762844568e-21
0.0021248453524988827	1.6595452088241983e-21
0.0021494746734379805	1.6153400026143923e-21
0.00217438947560008	1.573160817040152e-21
0.0021995930680300748	1.5329465891032068e-21
0.0022250887981283695	1.4946347814113364e-21
0.002250880052095462	1.4581617872816544e-21
0.00227697025538168	1.4234630026514774e-21
0.0023033628731421313	1.3904728215781575e-21
0.002330061410696925	1.3591254392226814e-21
0.002357069413996728	1.3293556445846498e-21
0.0023843904700937206	1.301098468054461e-21
0.002412028207618007	1.2742889484733521e-21
0.00243998629725955	1.2488629500629293e-21
0.0024682684522556926	1.2247577778311377e-21
0.0024968784288843266	1.2019120301873494e-21
0.0025258200269627847	1.1802655666883273e-21
0.002555097090352507	1.1597599286551958e-21
0.002584713507469564	1.140338664537481e-21
0.002614673211801092	1.1219472782499473e-21
0.00264498018242772	1.1045332111030359e-21
0.0026756384445520455	1.0880460252398039e-21
0.0027066520700332413	1.0724374791891722e-21
0.0027380251779278576	1.0576616555855828e-21
0.0027697619350368907	1.0436751409284938e-21
0.002801866556459195	1.030436747415419e-21
0.002834343306151309	1.0179072526547402e-21
0.00286719649749377	1.0060496219452946e-21
0.0029004304938639917	9.948290752897706e-22
0.002934049709215787	9.84212994490927e-22
0.0029680586086656023	9.741709164393e-22
0.003002461709085549	9.646743271686236e-22
0.0030372635797033115	9.556964845543705e-22
0.0030724688427090033	9.472123917711728e-22
0.003108082173869064	9.391986873450785e-22
0.0031441083031472647	9.316336486951247e-22
0.00318055201533292	9.244972222718808e-22
0.0032174181506763717	9.177707279880192e-22
0.003254711605531848	9.114366035572099e-22
0.003292437333007769	9.054785080449218e-22
0.0033306003436245884	8.998813546016529e-22
0.003369205705980267	8.94631118806329e-22
0.003408258547423452	8.897147238415796e-22
0.0034477640547344642	8.851199444549374e-22
0.0034877274748141775	8.808352761620187e-22
0.003528154115380883	8.768499585956656e-22
0.0035690493456752297	8.731539715083599e-22
0.0036104185971733375	8.697379702415078e-22
0.0036522673643081755	8.665933095976612e-22
0.0036946012051993025	8.637117656777989e-22
0.0037374257423910644	8.610852271610284e-22
0.0037807466635993493	8.587060709593276e-22
0.0038245697224669993	8.565674603630806e-22
0.0038689007393279753	8.546628995570961e-22
0.003913745601980384	8.529859542517992e-22
0.0039591102664684585	8.515304377380218e-22
0.004005000757873611	8.50290447779649e-22
0.004051423171114647	8.492603857844658e-22
0.0040983836717572615	8.484350506570864e-22
0.004145888496832911	8.478093695159653e-22
0.004193943955667186	8.473781330152952e-22
0.004242556430717777	8.47136384226962e-22
0.004291732378422158	8.47079744804795e-22
0.004341478330055093	8.472039415326905e-22
0.004391800892596086	8.47504468989429e-22
0.004442706749606883	8.479769601979813e-22
0.004494202662119142	8.486173959606698e-22
0.0045462954695324	8.494218943830908e-22
0.004598992090522438	8.503866144855018e-22
0.004652299523960189	8.51507836497624e-22
0.004706224849841282	8.527820120988455e-22
0.004760775230226368	8.542056478635944e-22
0.004815957910192351	8.557751700750267e-22
0.004871780218794631	8.5748720488958e-22
0.004928249570040513	8.59338865914895e-22
0.004985373463873894	8.613272509324313e-22
0.005043159487171359	8.634490069606978e-22
0.005101615314749833	8.657009450614415e-22
0.005160748710385908	8.680804735318559e-22
0.005220567527846975	8.705850759876224e-22
0.005281079711934331	8.732120059951175e-22
0.005342293299538352	8.759586586914077e-22
0.005404216420705915	8.788228317827575e-22
0.00546685729972018	8.818022895527824e-22
0.0055302242561929005	8.848943657148698e-22
0.005594325706169377	8.880965790695372e-22
0.005659170163246243	8.91407101774245e-22
0.005724766239702178	8.948241982019232e-22
0.005791122647641758	8.98345932999123e-22
0.005858248200152536	9.019703729024765e-22
0.005926151812475552	9.056955814659944e-22
0.005994842503189409	9.095197955522316e-22
0.006064329395408062	9.13441644812041e-22
0.006134621717992506	9.174597409394421e-22
0.0062057288067765	9.215723353169599e-22
0.0062776601058065	9.25777840973777e-22
0.006350425168595962	9.300752171348424e-22
0.006424033659394191	9.344634541575259e-22
0.006498495354469888	9.389412497424147e-22
0.006573820143409586	9.43507360175733e-22
0.006650018030431118	9.481607625114583e-22
0.006727099135712337	9.529005556337976e-22
0.006805073696735207	9.577259792046583e-22
0.0068839520696454964	9.62636297070837e-22
0.006963744730628222	9.676306766574382e-22
0.007044462277299037	9.727083379826215e-22
0.007126115430111745	9.778686148345833e-22
0.007208715033782135	9.83110956608854e-22
0.007292272058728313	9.88434997195355e-22
0.007376797602527731	9.938404260112223e-22
0.007462302891391108	9.993269075145046e-22
0.007548799281653432	1.0048940967352427e-21
0.007636298261282242	1.0105415582570698e-21
0.0077248114514034	1.016269003828073e-21
0.007814350607844541	1.0220765232565668e-21
0.00790492762269642	1.0279642065469431e-21
0.007996554525892346	1.0339318844157252e-21
0.008089243486805939	1.0399794700115794e-21
0.008183006815867389	1.0461071545265159e-21
0.008277856966198472	1.0523151949373929e-21
0.00837380653526649	1.0586038230473387e-21
0.008470868266557402	1.0649733427251218e-21
0.008569055051268348	1.0714241877648972e-21
0.008668379930019773	1.0779567602275348e-21
0.008768856094587427	1.084571247853616e-21
0.008870496889654403	1.0912679983033339e-21
0.00897331581458352	1.0980478264245554e-21
0.009077326525210224	1.104911576321284e-21
0.009182542835656282	1.1118598769368112e-21
0.009288978720164497	1.1188933773993611e-21
0.009396648314954691	1.1260128072809309e-21
0.009505565920101192	1.1332190199324794e-21
0.009615746001432095	1.140513092183028e-21
0.009727203192450537	1.147896057400912e-21
0.009839952296278227	1.1553686604644883e-21
0.009954008287621519	1.1629318625606266e-21
0.010069386314760271	1.1705872542965336e-21
0.010186101701559752	1.1783363213029815e-21
0.010304169949505875	1.1861799094692744e-21
0.010423606739764012	1.1941190567408434e-21
0.010544427935261684	1.2021555187729695e-21
0.010666649582795389	1.2102910980346741e-21
0.010790287915161836	1.2185273149498187e-21
0.01091535935331391	1.2268656903679488e-21
0.011041880508541602	1.2353077834517637e-21
0.011169868184678225	1.2438552951148413e-21
0.011299339380332217	1.2525102003967371e-21
0.011430311291144786	1.2612745745742619e-21
0.011562801312073753	1.2701505359172632e-21
0.011696827039703846	1.2791402187539642e-21
0.01183240627458378	1.2882456790269364e-21
0.011969557023590429	1.2974691030752034e-21
0.012108297502320394	1.3068129503099681e-21
0.012248646137509308	1.3162797462485034e-21
0.012390621569479156	1.3258719648180343e-21
0.012534242654613994	1.3355922671361003e-21
0.01267952846786434	1.3454436967128468e-21
0.012826498305280598	1.3554292587094845e-21
0.012975171686575868	1.3655515755416072e-21
0.013125568357718428	1.375813502799325e-21
0.013277708293554291	1.3862185301036579e-21
0.013431611700460153	1.3967702110002134e-21
0.013587299019027091	1.407471859034539e-21
0.013744790926775366	1.418326982298074e-21
0.013904108340900697	1.429339529507864e-21
0.014065272421052363	1.4405135482582304e-21
0.014228304572143519	1.4518529913861745e-21
0.014393226447194065	1.4633618960538559e-21
0.014560059950206485	1.4750443889583606e-21
0.014728827239075018	1.4869049773001197e-21
0.014899550728528537	1.4989489058095441e-21
0.015072253093107555	1.511181343512634e-21
0.01524695727017573	1.5236067616898556e-21
0.015423686462966274	1.5362299927968467e-21
0.01560246414366368	1.5490568543189955e-21
0.015783314056521166	1.5620933223598864e-21
0.01596626022101425	1.5753451429507011e-21
0.016151326935030914	1.5888183373205012e-21
0.01633853877809862	1.6025194464204271e-21
0.016527920614648955	1.6164551876769088e-21
0.0167194975973199	1.6306322408625195e-21
0.016913295170296487	1.6450576298478792e-21
0.01710933907269015	1.6597389567209311e-21
0.01730765534195726	1.6746841372212817e-21
0.01750827031735725	1.6899013079741974e-21
0.017711210643450888	1.7053988328949338e-21
0.017916503273639015	1.7211852000218615e-21
0.018124175473742378	1.737269310365374e-21
0.018334254825622908	1.7536606710245393e-21
0.018546769230846995	1.7703693789431492e-21
0.018761746914391215	1.7874063130190396e-21
0.018979216428391014	1.804782433066076e-21
0.019199206655932846	1.82250812121845e-21
0.019421746814890263	1.8405945018486296e-21
0.019646866461804465	1.859054270367744e-21
0.01987459549580984	1.8779006063696684e-21
0.02010496416260499	1.897146707828303e-21
0.02033800305846982	1.9168063673526683e-21
0.020573743134329137	1.9368942008588233e-21
0.02081221569986339	1.957425425708245e-21
0.021053452427667062	1.9784157430485487e-21
0.02129748535745521	1.9998815364716056e-21
0.021544346900318846	2.0218399447040917e-21
0.02179406984302956	2.0443090394243535e-21
0.0220466873523941	2.0673080692332586e-21
0.022302232979659387	2.0908571560141114e-21
0.022560740664968614	2.1149771700061688e-21
0.022822244741868985	2.1396898413043283e-21
0.023086779941871697	2.1650176997794628e-21
0.023354381399064792	2.1909846021888295e-21
0.023625084654779475	2.2176162172638155e-21
0.023898925662310503	2.244939249793026e-21
0.02417594079169131	2.272980967718021e-21
0.024456166834524465	2.3017701914694552e-21
0.024739641008868142	2.3313379170388834e-21
0.025026400964179192	2.3617166446507487e-21
0.025316484786313556	2.3929401253489198e-21
0.025609931002584595	2.4250437477499965e-21
0.025906778586880088	2.4580646651365438e-21
0.026207066964838526	2.492042224623056e-21
0.02651083601908539	2.5270184898442852e-21
0.026818126094530156	2.563037508605412e-21
0.02712897800372467	2.6001448943646417e-21
0.027443433032283655	2.6383891352153785e-21
0.02776153294436801	2.6778226334720294e-21
0.028083319988231725	2.7185001928059464e-21
0.028408836901833042	2.7604781165535815e-21
0.028738126918510663	2.8038162408989085e-21
0.029071233772725785	2.8485793265200135e-21
0.029408201705870638	2.894835609692111e-21
0.029749075472144407	2.942656299989858e-21
0.030093900344497212	2.992116790330218e-21
0.03044272212064303	3.0432975075392228e-21
0.030795587129142266	3.0962835890650624e-21
0.03115254223555488	3.1511651484910683e-21
0.03151363484866479	3.208037525224765e-21
0.031878912926776456	3.2670017172749567e-21
0.03224842498408442	3.328164754933778e-21
0.0326222200971167	3.3916404039504514e-21
0.03300034791125285	3.457549183999702e-21
0.03338285864731761	3.526018943682796e-21
0.033769803108250916	3.597185023606383e-21
0.03416123268585528	3.6711908984042666e-21
0.034557199367621395	3.748188824837386e-21
0.03495775574363275	3.828341217863677e-21
0.035362955013550426	3.911819646038171e-21
0.03577285099367873	3.99880494665038e-21
0.0361874981241128	4.089488374895487e-21
0.03660695147596903	4.184073287009919e-21
0.03703126675869927	4.282773949238146e-21
0.03746050032748993	4.385816016313995e-21
0.037894709190746674	4.4934363584956744e-21
0.03833395101766601	4.605884033605568e-21
0.03877828414589457	4.723419577795233e-21
0.03922776758927719	4.846316321919271e-21
0.03968246104569482	4.974857617043681e-21
0.04014242490499322	5.109336662632989e-21
0.040607720257003654	5.2500525438109934e-21
0.04107840889965647	5.397308129827523e-21
0.04155455334718875	5.5514084000992346e-21
0.04203621683844714	5.71266158249444e-21
0.04252346334528682	5.881365710176125e-21
0.04301635758106795	6.0577999928531934e-21
0.0435149650092505	6.2422181804794586e-21
0.044019351852088745	6.4348439644213195e-21
0.044529585099426554	6.6358505520205445e-21
0.04504573251759458	6.845347339910263e-21
0.04556786265841064	7.063353759432391e-21
0.046096044868284336	7.289778233780122e-21
0.04663034929742731	7.524388050076162e-21
0.04717084690917017	7.766786615522035e-21
0.047717609489387455	8.016371087628355e-21
0.04827070965603183	8.272304835519164e-21
0.0488302208687788	8.533467586855608e-21
0.04939621743878321	8.798425903131145e-21
0.04996877453854884	9.065398662474287e-21
0.0505479682119124	9.332252979232696e-21
0.05113387538414326	9.596487646255252e-21
0.05172657387216019	9.855267238590206e-21
0.05232614239486662	1.0105451320971995e-20
0.052932660583605615	1.0343685966034431e-20
0.05354620899273608	1.056650769714213e-20
0.05416686911033152	1.0770509145107942e-20
0.05479472336900287	1.095248161177474e-20
0.05542985515684669	1.110960563659797e-20
0.05607234882852033	1.1239611294730083e-20
0.05672228971644543	1.1340943394323361e-20
0.05737976414214134	1.1412830876474358e-20
0.05804485942768978	1.1455338976529086e-20
0.05871766390733255	1.1469342957429745e-20
0.05939826693920356	1.1456467192698203e-20
0.06008675891719687	1.141895126257439e-20
0.0607832312829723	1.135950928451141e-20
0.06148777653810023	1.1281153291811876e-20
0.062200488256347115	1.1187037771794558e-20
0.06292146109610344	1.108032952731871e-20
0.06365079081295572	1.096409692844226e-20
0.0643885742724042	1.0841219815540012e-20
0.06513490946272803	1.0714325309677388e-20
0.0658898955079995	1.0585772256053334e-20
0.06665363268124913	1.0457631528862275e-20
0.06742622241778343	1.0331703066610413e-20
0.06820776732865685	1.0209516586130018e-20
0.06899837121430018	1.0092372552703289e-20
0.0697981390783066	9.98134889691977e-21
0.07060717714137772	9.877355882957792e-21
0.07142559285543126	9.781141508691296e-21
0.07225349491787214	9.693340990757191e-21
0.07309099328602911	9.614473191180068e-21
0.07393819919175866	9.544994934528065e-21
0.07479522515621821	9.48529085307775e-21
0.07566218500481055	9.435721583344931e-21
0.07653919388230147	9.396605105951406e-21
0.0774263682681127	9.368267801367173e-21
0.07832382599179197	9.351021033321685e-21
0.07923168624866253	9.345207148958502e-21
0.08015006961565405	9.351169711417938e-21
0.08107909806731686	9.36930494351214e-21
0.08201889499202203	9.400030140272769e-21
0.08296958520834907	9.443831338852002e-21
0.08393129498166364	9.501227696125638e-21
0.08490415204088747	9.572823252185558e-21
0.0858882855954625	9.659270287491743e-21
0.08688382635251184	9.76132183541069e-21
0.08789090653419955	9.879794515668366e-21
0.08890965989529158	1.0015619461504266e-20
0.08994022174092044	1.0169803803899017e-20
0.09098272894455559	1.03434819894923e-20
0.09203731996618221	1.0537877736567475e-20
0.09310413487069075	1.0754348115221261e-20
0.09418331534647952	1.0994343304987453e-20
0.0952750047242729	1.1259438845519226e-20
0.09637934799615785	1.1551290550615078e-20
0.09749649183484087	1.1871644523898705e-20
0.0986265846131282	1.2222282696959758e-20
0.09976977642363201	1.2604974144454035e-20
0.10092621909870483	1.3021382717289888e-20
0.10209606623060476	1.3472969998934427e-20
0.10327947319189525	1.3960880863695883e-20
0.10447659715608053	1.4485661506949033e-20
0.10568759711848051	1.5047028192135728e-20
0.10691263391734772	1.5643457404115602e-20
0.10815187025522892	1.6271906898872e-20
0.10940547072057435	1.6927195916632297e-20
0.11067360180959745	1.7601756994442403e-20
0.11195643194838795	1.8284980352408648e-20
0.11325413151528127	1.8963333801018672e-20
0.11456687286348727	1.9620187198550716e-20
0.11589483034398118	2.0236962277845873e-20
0.11723818032865997	2.0793927033506646e-20
0.11859710123376706	2.1272637130086675e-20
0.11997177354358855	2.165752937647134e-20
0.12136237983442417	2.1938674844474495e-20
0.12276910479883604	2.2112543298660653e-20
0.12419213527017846	2.2183134944542164e-20
0.12563166024741215	2.216069072754601e-20
0.12708787092020596	2.2060767260051403e-20
0.12856096069432965	2.190170838176356e-20
0.130051125217341	2.1703122161092967e-20
0.13155856240457053	2.1483956345060883e-20
0.1330834724654076	2.1261659401966317e-20
0.1346260579298911	2.105151934509281e-20
0.13618652367560827	2.086653780147475e-20
0.1377650769549055	2.0717727977627656e-20
0.13936192742241435	2.0614223664335313e-20
0.14097728716289676	2.0564022905833262e-20
0.142611370719413	2.0573977856755807e-20
0.14426439512181588	2.065071713984021e-20
0.14593657991557576	2.080039829716642e-20
0.1476281471909391	2.1029697865105933e-20
0.14933932161242533	2.134531881540575e-20
0.15107033044866555	2.175503361493495e-20
0.15282140360258709	2.2266971450621114e-20
0.15459277364194784	2.2890583205514432e-20
0.15638467583022478	2.3635630497149045e-20
0.15819734815786016	2.45128694847696e-20
0.16003103137387018	2.5532523140619738e-20
0.16188596901781993	2.6703927341141243e-20
0.1637624074521689	2.80327519855801e-20
0.16566059589499152	2.951850268893097e-20
0.1675807864530769	3.1149669473848927e-20
0.16952323415541215	3.2897343991242334e-20
0.1714881969870541	3.470882510773068e-20
0.17347593592339325	3.650084450383984e-20
0.17548671496481522	3.816224235326885e-20
0.1775208011717636	3.956193165288337e-20
0.1795784647002097	4.0578498467850416e-20
0.18165997883753285	4.112760701251292e-20
0.18376562003881725	4.119495705236362e-20
0.18589566796356882	4.083381255325591e-20
0.18805040551285834	4.015326558572531e-20
0.1902301188668946	3.928051091350476e-20
0.19243509752303323	3.8339509137548954e-20
0.19466563433422632	3.7430747452972773e-20
0.19692202554791735	3.663061919811358e-20
0.19920457084538712	3.5992533483915515e-20
0.20151357338155584	3.5553640329600467e-20
0.20384933982524642	3.534104612408453e-20
0.20621218039991446	3.537578702235001e-20
0.2086024089248505	3.567837879183534e-20
0.21102034285685967	3.626893472068667e-20
0.21346630333242456	3.717161572805587e-20
0.21594061521035676	3.841115640557988e-20
0.21844360711494284	4.0015457968687005e-20
0.22097561147959033	4.200617904752244e-20
0.22353696459097966	4.43947991609742e-20
0.22612800663372795	4.7159451334164486e-20
0.2287490817355704	5.022564136758956e-20
0.2314005380130654	5.342511050333001e-20
0.23408272761782944	5.647892281880695e-20
0.23679600678330787	5.900557669433863e-20
0.23954073587208793	6.062311254602314e-20
0.24231727942376008	6.109937726938355e-20
0.24512600620333397	6.047103881467045e-20
0.24796728925021602	5.902434339009909e-20
0.2508415059277541	5.715078003380173e-20
0.2537490379733572	5.522177891075994e-20
0.2566902715491952	5.350511263073508e-20
0.25966559729348726	5.2182971767511127e-20
0.26267541037238384	5.1357911288884204e-20
0.26572011053245065	5.110491467562517e-20
0.26880010215376077	5.1473868525648595e-20
0.2719157943036019	5.25238352098146e-20
0.2750676007908067	5.431470510548184e-20
0.2782559402207126	5.691752442373966e-20
0.28148123605075814	6.039604960581888e-20
0.28474391664672477	6.47628478091937e-20
0.28804441533962977	6.992074177242203e-20
0.2913831704832789	7.54946963376312e-20
0.2947606255124859	8.076482660090321e-20
0.29817722900196736	8.462459966080937e-20
0.30163343472591975	8.613993219532757e-20
0.30512970171828707	8.50737931694053e-20
0.30866649433372745	8.215177906475977e-20
0.3122442823092858	7.847264517473522e-20
0.3158635408267819	7.496464288332541e-20
0.31952475057592133	7.222659078059998e-20
0.32322839781813806	7.053501058012512e-20
0.3269749744511768	7.007573214972172e-20
0.33076497807442423	7.092689205890398e-20
0.3345989120549975	7.322678157503615e-20
0.3384772855945983	7.707795290362357e-20
0.34240061379714254	8.258421044336312e-20
0.34636941773717345	8.967660329930066e-20
0.3503842245290676	9.777919162721653e-20
0.3544455673970436	1.0556128382517082e-19
0.3585539857459817	1.1067778364886932e-19
0.36271002523306484	1.1141570209330326e-19
0.3669142378402494	1.0786971219110777e-19
0.3711671819475767	1.0218893843698228e-19
0.37546942240733366	9.651428250943229e-20
0.37982153061907364	9.213429416314196e-20
0.3842240846055061	8.972715178575362e-20
0.38867766908926676	8.955994984174098e-20
0.393182875570577	9.182605032316542e-20
0.39774030240580366	9.675678842577063e-20
0.40235055488692933	1.0456043004859012e-19
0.4070142453219439	1.1511911489849611e-19
0.4117319931161679	1.272122202476702e-19
0.4165044248545185	1.375254250613334e-19
0.4213321743847289	1.4149955045360494e-19
0.4262158829015325	1.3757240206911533e-19
0.43115619903182284	1.29099998176737e-19
0.4361537789208006	1.2051633033038618e-19
0.441209286319119	1.1441325016889284e-19
0.4463233926710397	1.1180692713349948e-19
0.4514967772036102	1.1310333284788095e-19
0.4567301270168747	1.186341499923783e-19
0.4620241371751313	1.2871832705475658e-19
0.46737951079924633	1.4308441231328445e-19
0.47279695916003905	1.5918280173131672e-19
0.4782772017727485	1.7036742805959678e-19
0.4838209664925957	1.6981518250492197e-19
0.48942898961145315	1.5937651278128044e-19
0.49510201595563513	1.4689986745900474e-19
0.5008407989848213	1.3779877373124665e-19
0.5066461008921268	1.3406357643093785e-19
0.5125186927053332	1.3636872364413308e-19
0.5184593543892912	1.4527676359570914e-19
0.5244688749495119	1.6118773401480088e-19
0.5305480525369575	1.824569147813327e-19
0.5366976945540476	2.011496877215855e-19
0.5429186177618943	2.0442321717024773e-19
0.5492116483887789	1.9131815069623096e-19
0.5555776222398878	1.7437168898412226e-19
0.5620173848083188	1.6276152283166694e-19
0.5685317913873753	1.594671582840397e-19
0.5751217071841613	1.6540567828113168e-19
0.5817880074344935	1.8133164418751143e-19
0.5885315775191451	2.0645985288494255e-19
0.595353313081437	2.321278310945802e-19
0.6022541201461928	2.388473049881908e-19
0.6092349152400711	2.218497384631566e-19
0.6162966255132942	1.9995507902105014e-19
0.6234401888627864	1.8655475864120807e-19
0.6306665540567405	1.8531393290162075e-19
0.6379766808606282	1.9745475918428983e-19
0.6453715401646702	2.237195585920693e-19
0.6528521141127848	2.5844957738731115e-19
0.6604193962330305	2.7725024231329483e-19
0.6680743915695615	2.608973416457737e-19
0.675818116816111	2.324912368724919e-19
0.6836516004510238	2.149112855203156e-19
0.6915758828738525	2.1424815437865124e-19
0.6995920165435374	2.321758827090622e-19
0.707701066118189	2.68591906453382e-19
0.7159041085964888	3.077794611431088e-19
0.7242022334607315	3.0920711343316067e-19
0.732596542821523	2.7543671361012417e-19
0.741088151564157	2.47100591924833e-19
0.7496781874966877	2.4004104730820115e-19
0.7583677914997191	2.5730376896528907e-19
0.7671581176779302	2.9961992811417366e-19
0.7760503335133571	3.4789288261334436e-19
0.785045620020451	3.465540112027741e-19
0.794145171902934	3.038383143121719e-19
0.8033501977124734	2.7408733163634074e-19
0.8126619200091946	2.739216176980402e-19
0.822081575524054	3.0641050301695726e-19
0.8316104153230962	3.657539968401622e-19
0.8412497049736118	3.9622287154895855e-19
0.8510007247122247	3.5424819146374085e-19
0.8608647696149244	3.0992134466818495e-19
0.8708431497690724	3.0102260171939447e-19
0.880937190447399	3.33363583380555e-19
0.8911482322840202	4.024066603521968e-19
0.9014776314524917	4.396833714027226e-19
0.9119267598459299	3.8780442378449213e-19
0.9224970052592174	3.393978866520459e-19
0.9331897715733238	3.379287989411285e-19
0.9440064789417604	3.8915457963469514e-19
0.9549485639791966	4.705093880628327e-19
0.9660174799522646	4.645656228823994e-19
0.9772146969725725	3.9254797673661723e-19
0.9885417021919574	3.6375674974174244e-19
1.0	3.9849877816205546e-19
